Webots Project File version R2020a
perspectives: 000000ff00000000fd00000003000000000000000000000000fc0100000001fb0000001a0044006f00630075006d0065006e0074006100740069006f006e0000000000ffffffff0000006900ffffff000000010000032400000311fc0200000001fb0000001400540065007800740045006400690074006f0072010000001a000003110000008700ffffff0000000300000781000000d9fc0100000001fb0000000e0043006f006e0073006f006c00650100000000000007810000006900ffffff0000045b0000031100000001000000020000000100000008fc00000000
simulationViewPerspectives: 000000ff00000001000000020000017b000002a30100000002010000000100
sceneTreePerspectives: 000000ff0000000100000002000000c0000000fa0100000002010000000200
maximizedDockId: -1
centralWidgetVisible: 1
renderingMode: PLAIN
selectionDisabled: 0
viewpointLocked: 0
orthographicViewHeight: 1
textFiles: 0 "controllers/car/car.c"
globalOptionalRendering: DistanceSensorRays
renderingDevicePerspectives: robot:camera;1;1;0.871934;0.0123967
